25
10	22	14	2	3	5	4	13	6	18	7	20	25	11	8	9	21	19	1	15	16	17	23	12	23
2	6	8	12	14	17	15	1	25	10	9	3	13	5	7	19	22	16	21	23	11	18	24	4	20
4	3	7	5	8	11	9	16	13	14	24	12	15	18	19	23	17	20	2	17	10	25	6	1	21
1	2	4	9	10	6	7	23	3	5	11	8	19	13	14	15	16	12	18	24	17	21	20	22	25
7	4	5	3	16	12	6	20	8	11	1	9	17	15	18	10	13	14	23	25	22	2	19	21	21
5	7	2	20	4	8	10	9	14	6	3	13	24	12	17	1	15	22	25	18	21	23	16	11	18
24	10	16	11	2	7	14	19	15	4	13	5	18	1	3	8	9	25	6	18	23	20	12	17	22
6	8	12	14	1	2	5	7	17	16	10	11	23	24	20	13	25	9	3	9	15	19	18	21	4
8	18	19	13	11	1	12	10	5	3	2	4	9	6	15	16	7	23	19	21	20	14	25	24	17
11	13	1	6	9	10	24	8	21	12	4	16	22	25	5	20	19	3	17	7	18	15	2	23	14
9	12	6	8	15	16	2	21	10	19	14	24	7	3	13	18	11	17	4	4	5	5	22	20	1
12	11	10	17	13	19	18	2	16	9	6	14	8	4	1	3	23	9	5	12	5	24	15	7	15
15	17	20	10	12	18	11	6	23	24	16	22	5	14	2	21	8	4	13	1	19	3	9	25	7
13	14	9	18	17	15	3	4	7	20	5	10	1	19	11	12	6	24	4	22	8	14	21	16	2
17	16	3	19	25	22	8	11	24	1	18	6	12	9	21	5	2	15	7	20	13	4	23	14	10
18	19	17	21	20	23	1	22	9	15	12	2	6	16	4	7	14	5	10	11	3	16	13	8	8
19	15	13	4	7	9	17	14	20	2	21	1	10	8	12	11	3	18	24	5	6	22	5	8	16
20	5	15	1	6	21	22	12	11	23	17	25	14	2	10	17	4	13	9	19	24	8	7	18	3
22	9	18	23	24	4	13	17	22	8	19	15	16	7	6	2	10	21	20	3	25	1	2	5	11
16	21	11	2	18	13	20	3	19	25	17	23	24	10	9	22	1	6	15	8	4	7	14	3	5
21	23	24	16	19	3	19	18	1	22	20	17	4	15	15	6	12	8	5	13	2	10	11	11	9
14	20	22	7	22	24	16	5	12	17	15	18	21	23	25	4	5	1	16	2	9	6	3	13	19
25	1	21	15	21	20	23	23	4	14	8	23	11	22	19	2	17	7	8	16	14	12	17	19	24
23	23	24	25	19	24	24	21	2	7	21	21	3	20	22	14	18	11	12	6	1	13	10	9	22
3	24	23	24	5	14	25	15	18	13	21	7	2	17	16	24	20	10	22	5	12	11	4	6	6
